           1         362
           2         320
           3         346
           4         384
           5         342
           6         330
           7         346
           8         362
           9         370
          10         356
          11         316
          12         360
          13         352
          14         282
          15         358
          16         350
          17         376
          18         268
          19         362
          20         332
          21         330
          22         390
          23         338
          24         364
          25         378
          26         346
          27         350
          28         338
          29         330
          30         344
          31         348
          32         352
          33         366
          34         386
          35         350
          36         338
          37         326
          38         360
          39         356
          40         374
          41         366
          42         358
          43         320
          44         362
          45         380
          46         362
          47         280
          48         370
          49         332
          50         352
          51         370
          52         352
          53         360
          54         364
          55         358
          56         318
          57         356
          58         360
          59         362
          60         354
          61         370
          62         326
          63         382
          64         330
          65         338
          66         338
          67         336
          68         366
          69         352
          70         372
          71         340
          72         362
          73         362
          74         352
          75         290
          76         296
          77         358
          78         362
          79         238
          80         352
          81         366
          82         362
          83         376
          84         382
          85         332
          86         362
          87         336
          88         364
          89         362
          90         354
          91         362
          92         358
          93         342
          94         350
          95         300
          96         376
          97         342
          98         334
          99         346
         100         330
         101         372
         102         330
         103         360
         104         364
         105         368
         106         376
         107         376
         108         372
         109         354
         110         386
         111         376
         112         352
         113         358
         114         362
         115         356
         116         362
         117         312
         118         354
         119         268
         120         360
         121         344
         122         350
         123         358
         124         354
         125         322
         126         368
         127         348
         128         360
         129         328
         130         378
         131         374
         132         246
         133         352
         134         306
         135         342
         136         368
         137         356
         138         354
         139         364
         140         372
         141         382
         142         374
         143         370
         144         358
         145         356
         146         340
         147         354
         148         372
         149         326
         150         350
         151         358
         152         362
         153         342
         154         366
         155         310
         156         342
         157         366
         158         366
         159         366
         160         304
         161         300
         162         362
         163         360
         164         298
         165         352
         166         342
         167         350
         168         378
         169         324
         170         384
         171         342
         172         358
         173         286
         174         342
         175         348
         176         338
         177         364
         178         362
         179         368
         180         318
         181         364
         182         360
         183         236
         184         384
         185         358
         186         262
         187         300
         188         346
         189         314
         190         364
         191         366
         192         346
         193         344
         194         328
         195         320
         196         348
         197         348
         198         356
         199         304
         200         304
         201         366
         202         370
         203         334
         204         368
         205         348
         206         344
         207         372
         208         372
         209         356
         210         312
         211         344
         212         362
         213         324
         214         304
         215         330
         216         344
         217         316
         218         352
         219         344
         220         350
         221         362
         222         374
         223         368
         224         308
         225         344
         226         324
         227         366
         228         376
         229         380
         230         354
         231         384
         232         332
         233         334
         234         326
         235         348
         236         366
         237         370
         238         364
         239         268
         240         328
         241         350
         242         374
         243         350
         244         358
         245         324
         246         352
         247         364
         248         266
         249         352
         250         346
         251         354
         252         362
         253         368
         254         362
         255         374
         256         362
         257         350
         258         372
         259         372
         260         356
         261         368
         262         344
         263         364
         264         364
         265         366
         266         380
         267         300
         268         350
         269         346
         270         332
         271         350
         272         316
         273         322
         274         330
         275         356
         276         372
         277         364
         278         190
         279         370
         280         322
         281         372
         282         306
         283         322
         284         356
         285         360
         286         330
         287         340
         288         370
         289         370
         290         370
         291         372
         292         370
         293         392
         294         352
         295         374
         296         374
         297         324
         298         350
         299         352
         300         326
         301         346
         302         356
         303         368
         304         338
         305         378
         306         322
         307         378
         308         366
         309         380
         310         330
         311         348
         312         348
         313         364
         314         366
         315         380
         316         344
         317         334
         318         316
         319         326
         320         362
         321         356
         322         366
         323         356
         324         352
         325         368
         326         362
         327         332
         328         312
         329         352
         330         372
         331         366
         332         336
         333         342
         334         350
         335         358
         336         358
         337         350
         338         348
         339         372
         340         372
         341         340
         342         368
         343         342
         344         318
         345         342
         346         348
         347         370
         348         370
         349         360
         350         370
         351         344
         352         342
         353         340
         354         354
         355         368
         356         346
         357         358
         358         368
         359         348
         360         326
         361         356
         362         384
         363         370
         364         340
         365         388
         366         318
         367         356
         368         340
         369         372
         370         356
         371         360
         372         348
         373         350
         374         356
         375         354
         376         374
         377         330
         378         370
         379         354
         380         346
         381         358
         382         348
         383         366
         384         368
         385         346
         386         356
         387         356
         388         346
         389         354
         390         362
         391         374
         392         372
         393         358
         394         364
         395         356
         396         362
         397         346
         398         364
         399         374
         400         362
         401         352
         402         290
         403         374
         404         382
         405         380
         406         330
         407         356
         408         342
         409         344
         410         360
         411         368
         412         370
         413         372
         414         374
         415         328
         416         304
         417         274
         418         348
         419         346
         420         294
         421         368
         422         332
         423         382
         424         360
         425         364
         426         336
         427         296
         428         364
         429         332
         430         352
         431         358
         432         344
         433         378
         434         336
         435         362
         436         346
         437         330
         438         364
         439         368
         440         318
         441         320
         442         382
         443         358
         444         340
         445         368
         446         372
         447         366
         448         314
         449         372
         450         362
         451         310
         452         366
         453         342
         454         382
         455         352
         456         368
         457         344
         458         320
         459         318
         460         366
         461         360
         462         330
         463         374
         464         328
         465         354
         466         348
         467         368
         468         250
         469         344
         470         330
         471         344
         472         360
         473         358
         474         364
         475         324
         476         376
         477         348
         478         358
         479         370
         480         366
         481         278
         482         346
         483         328
         484         360
         485         380
         486         346
         487         366
         488         360
         489         278
         490         326
         491         370
         492         332
         493         364
         494         378
         495         348
         496         226
         497         360
         498         368
         499         246
         500         350
         501         384
         502         370
         503         336
         504         320
         505         342
         506         364
         507         382
         508         332
         509         360
         510         308
         511         340
         512         370
         513         346
         514         346
         515         366
         516         350
         517         338
         518         284
         519         386
         520         378
         521         364
         522         360
         523         338
         524         338
         525         328
         526         304
         527         376
         528         300
         529         322
         530         332
         531         362
         532         370
         533         316
         534         240
         535         346
         536         356
         537         370
         538         354
         539         362
         540         352
         541         346
         542         344
         543         314
         544         360
         545         336
         546         384
         547         252
         548         316
         549         344
         550         346
         551         348
         552         352
         553         350
         554         342
         555         370
         556         366
         557         328
         558         368
         559         378
         560         324
         561         306
         562         354
         563         324
         564         356
         565         332
         566         350
         567         334
         568         348
         569         368
         570         332
         571         302
         572         362
         573         356
         574         380
         575         330
         576         306
         577         362
         578        -252
         579        -388
         580        -360
         581        -362
         582        -376
         583        -380
         584        -294
         585        -352
         586        -296
         587        -358
         588        -358
         589        -356
         590        -358
         591        -370
         592        -384
         593        -376
         594        -344
         595        -342
         596        -376
         597        -336
         598        -336
         599        -360
         600        -376
         601        -330
         602        -316
         603        -334
         604        -320
         605        -368
         606        -370
         607        -346
         608        -334
         609        -350
         610        -368
         611        -374
         612        -344
         613        -334
         614        -370
         615        -362
         616        -370
         617        -358
         618        -380
         619        -340
         620        -324
         621        -372
         622        -364
         623        -376
         624        -364
         625        -314
         626        -364
         627        -318
         628        -344
         629        -354
         630        -368
         631        -368
         632        -340
         633        -362
         634        -280
         635        -346
         636        -302
         637        -362
         638        -328
         639        -348
         640        -358
         641        -360
         642        -360
         643        -312
         644        -360
         645        -356
         646        -378
         647        -354
         648        -334
         649        -326
         650        -312
         651        -324
         652        -330
         653        -362
         654        -324
         655        -364
         656        -376
         657        -348
         658        -372
         659        -362
         660        -330
         661        -358
         662        -332
         663        -366
         664        -348
         665        -322
         666        -366
         667        -370
         668        -302
         669        -302
         670        -374
         671        -354
         672        -320
         673        -376
         674        -354
         675        -230
         676        -356
         677        -290
         678        -358
         679        -370
         680        -340
         681        -356
         682        -378
         683        -316
         684        -318
         685        -288
         686        -382
         687        -274
         688        -308
         689        -316
         690        -356
         691        -338
         692        -356
         693        -370
         694        -344
         695        -346
         696        -338
         697        -348
         698        -336
         699        -312
         700        -358
         701        -356
         702        -340
         703        -338
         704        -328
         705        -368
         706        -368
         707        -340
         708        -372
         709        -352
         710        -376
         711        -314
         712        -358
         713        -368
         714        -316
         715        -370
         716        -360
         717        -262
         718        -326
         719        -352
         720        -364
         721        -338
         722        -362
         723        -356
         724        -352
         725        -334
         726        -358
         727        -350
         728        -352
         729        -370
         730        -358
         731        -382
         732        -360
         733        -242
         734        -360
         735        -334
         736        -384
         737        -364
         738        -304
         739        -372
         740        -278
         741        -348
         742        -358
         743        -370
         744        -350
         745        -364
         746        -346
         747        -356
         748        -348
         749        -354
         750        -346
         751        -322
         752        -352
         753        -358
         754        -352
         755        -356
         756        -366
         757        -346
         758        -304
         759        -332
         760        -358
         761        -332
         762        -370
         763        -336
         764        -358
         765        -344
         766        -344
         767        -356
         768        -338
         769        -340
         770        -340
         771        -322
         772        -344
         773        -376
         774        -342
         775        -338
         776        -346
         777        -348
         778        -382
         779        -368
         780        -366
         781        -362
         782        -304
         783        -322
         784        -276
         785        -370
         786        -374
         787        -372
         788        -346
         789        -324
         790        -328
         791        -376
         792        -376
         793        -356
         794        -306
         795        -392
         796        -368
         797        -352
         798        -368
         799        -338
         800        -354
         801        -362
         802        -308
         803        -354
         804        -378
         805        -368
         806        -374
         807        -358
         808        -362
         809        -318
         810        -370
         811         308
         812         354
         813         362
         814         360
         815         362
         816         318
         817         370
         818         356
         819         352
         820         350
         821         316
         822         350
         823         338
         824         326
         825         334
         826         364
         827         350
         828         366
         829         350
         830         336
         831         330
         832         352
         833         334
         834         356
         835         362
         836         326
         837         354
         838         376
         839         344
         840         354
         841         344
         842         348
         843         312
         844         352
         845         318
         846         372
         847         366
         848         376
         849         328
         850         354
         851         364
         852         334
         853         240
         854         368
         855         358
         856         342
         857         342
         858         358
         859         370
         860         364
         861         364
         862         374
         863         366
         864         354
         865         358
         866         376
         867         344
         868         372
         869         352
         870         368
         871         340
         872         342
         873         348
         874         304
         875         350
         876         380
         877         356
         878         356
         879         348
         880         364
         881         350
         882         356
         883         358
         884         336
         885         382
         886         348
         887         302
         888         370
         889         352
         890         370
         891         326
         892         338
         893         342
         894         338
         895         392
         896         338
         897         366
         898         350
         899         364
         900         342
         901         338
         902         348
         903         358
         904         332
         905         338
         906         354
         907         320
         908         268
         909         378
         910         354
         911         336
         912         360
         913         332
         914         378
         915         364
         916         360
         917         354
         918         344
         919         320
         920         338
         921         322
         922         328
         923         350
         924         354
         925         378
         926         364
         927         328
         928         374
         929         354
         930         354
         931         372
         932         364
         933         358
         934         372
         935         358
         936         366
         937         356
         938         332
         939         362
         940         366
         941         342
         942         350
         943         350
         944         360
         945         340
         946         358
         947         336
         948         366
         949         380
         950         358
         951         348
         952         294
         953         352
         954         334
         955         372
         956         344
         957         352
         958         374
         959         348
         960         370
         961         362
         962         350
         963         348
         964         374
         965         358
         966         350
         967         376
         968         318
         969         380
         970         382
         971         320
         972         378
         973         350
         974         356
         975         376
         976         362
         977         312
         978         380
         979         382
         980         338
         981         328
         982         312
         983         362
         984         294
         985         336
         986         310
         987         330
         988         368
         989         372
         990         354
         991         336
         992         336
         993         304
         994         368
         995         318
         996         366
         997         354
         998         306
         999         358
        1000         340
        1001         346
        1002         316
        1003         334
        1004         374
        1005         326
        1006         310
        1007         358
        1008         370
        1009         360
        1010         366
        1011         348
        1012         314
        1013         364
        1014         330
        1015         336
        1016         380
        1017         344
        1018         286
        1019         366
        1020         360
        1021         340
        1022         368
        1023         336
        1024         358
        1025         320
        1026         332
        1027         372
        1028         372
        1029         372
        1030         366
        1031         362
        1032         378
        1033         316
        1034         366
        1035         362
        1036         352
        1037         354
        1038         368
        1039         352
        1040         340
        1041         364
        1042         372
        1043         282
        1044         322
        1045         352
        1046         356
        1047         380
        1048         360
        1049         320
        1050         328
        1051         318
        1052         372
        1053         344
        1054         350
        1055         346
        1056         364
        1057         352
        1058         360
        1059         372
        1060         340
        1061         340
        1062         368
        1063         374
        1064         318
        1065         332
        1066         366
        1067         364
        1068         342
        1069         320
        1070         354
        1071         316
        1072         374
        1073         358
        1074         370
        1075         272
        1076         356
        1077         354
        1078         358
        1079         336
        1080         358
        1081         354
        1082         338
        1083         380
        1084         348
        1085         352
        1086         368
        1087         356
        1088         344
        1089         334
        1090         366
        1091         340
        1092         384
        1093         358
        1094         358
        1095         360
        1096         340
        1097         366
        1098         358
        1099         374
        1100         366
        1101         380
        1102         374
        1103         348
        1104         286
        1105         350
        1106         376
        1107         342
        1108         344
        1109         380
        1110         360
        1111         334
        1112         302
        1113         364
        1114         344
        1115         248
        1116         346
        1117         358
        1118         360
        1119         348
        1120         360
        1121         370
        1122         324
        1123         354
        1124         356
        1125         324
        1126         366
        1127         362
        1128         360
        1129         292
        1130         366
        1131         316
        1132         338
        1133         276
        1134         368
        1135         358
        1136         332
        1137         362
        1138         362
        1139         364
        1140         282
        1141         358
        1142         368
        1143         340
        1144         346
        1145         370
        1146         362
        1147         354
        1148         362
        1149         338
        1150         330
        1151         354
        1152         364
        1153         306
        1154         350
        1155         354
        1156         330
        1157         308
        1158         356
        1159         364
        1160         330
        1161         372
        1162         370
        1163         366
        1164         306
        1165         344
        1166         360
        1167         304
        1168         376
        1169         310
        1170         296
        1171         360
        1172         360
        1173         360
        1174         312
        1175         370
        1176         338
        1177         344
        1178         350
        1179         334
        1180         372
        1181         360
        1182         326
        1183         366
        1184         370
        1185         382
        1186         342
        1187         362
        1188         368
        1189         350
        1190         372
        1191         352
        1192         338
        1193         346
        1194         282
        1195         342
        1196         324
        1197         372
        1198         364
        1199         338
        1200         334
        1201         236
        1202         360
        1203         374
        1204         328
        1205         360
        1206         368
        1207         366
        1208         354
        1209         372
        1210         372
        1211         356
        1212         370
        1213         278
        1214         340
        1215         336
        1216         362
        1217         350
        1218         348
        1219         380
        1220         336
        1221         276
        1222         366
        1223         348
        1224         380
        1225         360
        1226         352
        1227         300
        1228         360
        1229         362
        1230         354
        1231         328
        1232         376
        1233         366
        1234         328
        1235         364
        1236         352
        1237         366
        1238         334
        1239         350
        1240         354
        1241         362
        1242         314
        1243         336
        1244         364
        1245         348
        1246         292
        1247         366
        1248         362
        1249         196
        1250         368
        1251         372
        1252         372
        1253         346
        1254         334
        1255         360
        1256         370
        1257         328
        1258         366
        1259         368
        1260         364
        1261         366
        1262         384
        1263         352
        1264         372
        1265         360
        1266         306
        1267         352
        1268         348
        1269         290
        1270         274
        1271         346
        1272         340
        1273         316
        1274         364
        1275         384
        1276         316
        1277         332
        1278         350
        1279         366
        1280         364
        1281         352
        1282         360
        1283         324
        1284         350
        1285         336
        1286         346
        1287         354
        1288         362
        1289         360
        1290         360
        1291         358
        1292         300
        1293         326
        1294         372
        1295         342
        1296         380
        1297         334
        1298         362
        1299         326
        1300         362
        1301         366
        1302         364
        1303         372
        1304         336
        1305         350
        1306         350
        1307         278
        1308         374
        1309         356
        1310         302
        1311         366
        1312         364
        1313         332
        1314         326
        1315         356
        1316         334
        1317         338
        1318         358
        1319         356
        1320         324
        1321         268
        1322         368
        1323         342
        1324         380
        1325         368
        1326         364
        1327         370
        1328         260
        1329         382
        1330         344
        1331         360
        1332         356
        1333         354
        1334         366
        1335         326
        1336         370
        1337         358
        1338         374
        1339         368
        1340         356
        1341         326
        1342         362
        1343         326
        1344         326
        1345         334
        1346         360
        1347         350
        1348         366
        1349         366
        1350         310
        1351         352
        1352         370
        1353         338
        1354         360
        1355         378
        1356         376
        1357         356
        1358         386
        1359         374
        1360         362
        1361         342
        1362         288
        1363         352
        1364         272
        1365         302
        1366         384
        1367         372
        1368         364
        1369         358
        1370         298
        1371         346
        1372         350
        1373         310
        1374         336
        1375         366
        1376         340
        1377         362
        1378         350
        1379         380
        1380         364
        1381         308
        1382         376
        1383         360
        1384         316
        1385         362
        1386         362
        1387         318
        1388         346
        1389         302
        1390         378
        1391         348
        1392         358
        1393         314
        1394         352
        1395         342
        1396         350
        1397         354
        1398         360
        1399         340
        1400         356
        1401         366
        1402         336
        1403         376
        1404         338
        1405         318
        1406         338
        1407         310
        1408         338
        1409         356
        1410         380
        1411         350
        1412         352
        1413         374
        1414         358
        1415         322
        1416         356
        1417         304
        1418         312
        1419         366
        1420         376
        1421         322
        1422         378
        1423         362
        1424         306
        1425         338
        1426         352
        1427         372
        1428         366
        1429         336
        1430         330
        1431         368
        1432         340
        1433         372
        1434         364
        1435         364
        1436         384
        1437         350
        1438         344
        1439         368
        1440         356
        1441         380
        1442         332
        1443         354
        1444         324
        1445         350
        1446         354
        1447         364
        1448         374
        1449         350
        1450         368
        1451         338
        1452         374
        1453         310
        1454         370
        1455         376
        1456         348
        1457         346
        1458         356
        1459         354
        1460         360
        1461         262
        1462         336
        1463         316
        1464         364
        1465         342
        1466         352
        1467         330
        1468         348
        1469         378
        1470         376
        1471         388
        1472         382
        1473         370
        1474         364
        1475         326
        1476         358
        1477         364
        1478         316
        1479         330
        1480         356
        1481         358
        1482         376
        1483         304
        1484         304
        1485         344
        1486         364
        1487         354
        1488         378
        1489         372
        1490         326
        1491         328
        1492         366
        1493         374
        1494         376
        1495         346
        1496         344
        1497         346
        1498         338
        1499         314
        1500         354
        1501         256
        1502         372
        1503         314
        1504         328
        1505         362
        1506         338
        1507         332
        1508         372
        1509         350
        1510         366
        1511         372
        1512         370
        1513         360
        1514         306
        1515         358
        1516         354
        1517         356
        1518         338
        1519         376
        1520         342
        1521         360
        1522         384
        1523         304
        1524         322
        1525         360
        1526         382
        1527         362
        1528         326
        1529         352
        1530         324
        1531         320
        1532         356
        1533         358
        1534         334
        1535         348
        1536         358
        1537         368
        1538         386
        1539         336
        1540         314
        1541         342
        1542         334
        1543         358
        1544         262
        1545         358
        1546         332
        1547         370
        1548         346
        1549         376
        1550         304
        1551         336
        1552         306
        1553         374
        1554         322
        1555         368
        1556         354
        1557         372
        1558         278
        1559         348
        1560         348
        1561         310
        1562         336
        1563         356
        1564         338
        1565         350
        1566         344
        1567         364
        1568         340
        1569         284
        1570         384
        1571         376
        1572         376
        1573         354
        1574         354
        1575         358
        1576         328
        1577         330
        1578         308
        1579         328
        1580         322
        1581         344
        1582         352
        1583         354
        1584         364
        1585         328
        1586         358
        1587         352
        1588         368
        1589         358
        1590         364
        1591         336
        1592         356
        1593         342
        1594         294
        1595         342
        1596         356
        1597         256
        1598         346
        1599         356
        1600         350
        1601         346
        1602         360
        1603         356
        1604         352
        1605         382
        1606         372
        1607         388
        1608         366
        1609         360
        1610         382
        1611         348
        1612         378
        1613         342
        1614         366
        1615         366
        1616         364
        1617         342
        1618         316
        1619         360
        1620         310
        1621         350
        1622         352
        1623         350
        1624         370
        1625         372
        1626         368
        1627         342
        1628         338
        1629         386
        1630         352
        1631         376
        1632         380
        1633         362
        1634         366
        1635         362
        1636         326
        1637         350
        1638         318
        1639         344
        1640         336
        1641         364
        1642         370
        1643         348
        1644         348
        1645         376
        1646         346
        1647         358
        1648         310
        1649         348
        1650         386
        1651         326
        1652         380
        1653         308
        1654         358
        1655         368
        1656         276
        1657         342
        1658         350
        1659         284
        1660         370
        1661         354
        1662         362
        1663         330
        1664         358
        1665         312
        1666         322
        1667         348
        1668         380
        1669         364
        1670         356
        1671         360
        1672         352
        1673         350
        1674         364
        1675         328
        1676         370
        1677         348
        1678         360
        1679         348
        1680         342
        1681         360
        1682         332
        1683         370
        1684         338
        1685         360
        1686         378
        1687         348
        1688         292
        1689         332
        1690         352
        1691         380
        1692         356
        1693         358
        1694         336
        1695         356
        1696         346
        1697         344
        1698         354
        1699         334
        1700         344
        1701         354
        1702         334
        1703         310
        1704         372
        1705         340
        1706         326
        1707         360
        1708         370
        1709         352
        1710         326
        1711         332
        1712         348
        1713         346
        1714         340
        1715         326
        1716         350
        1717         346
        1718         366
        1719         364
        1720         350
        1721         332
        1722         332
        1723         386
        1724         352
        1725         328
        1726         366
        1727         348
        1728         330
        1729         308
        1730         362
        1731         362
        1732         338
        1733         376
        1734         360
        1735         342
        1736         352
        1737         366
        1738         372
        1739         372
        1740         358
        1741         348
        1742         364
        1743         370
        1744         316
        1745         346
        1746         386
        1747         376
        1748         360
        1749         348
        1750         356
        1751         334
        1752         292
        1753         354
        1754         368
        1755         358
        1756         324
        1757         346
        1758         358
        1759         368
        1760         376
        1761         344
        1762         356
        1763         360
        1764         360
        1765         360
        1766         296
        1767         370
        1768         368
        1769         368
        1770         318
        1771         350
        1772         350
        1773         354
        1774         372
        1775         366
        1776         342
        1777         378
        1778         358
        1779         378
        1780         378
        1781         348
        1782         370
        1783         368
        1784         348
        1785         374
        1786         374
        1787         394
        1788         340
        1789         344
        1790         348
        1791         342
        1792         342
        1793         340
        1794         380
        1795         308
        1796         346
        1797         348
        1798         318
        1799         358
        1800         306
        1801         350
        1802         380
        1803         358
        1804         354
        1805         354
        1806         346
        1807         354
        1808         270
        1809         336
        1810         362
        1811         366
        1812         338
        1813         320
        1814         324
        1815         344
        1816         354
        1817         356
        1818         362
        1819         318
        1820         368
        1821         334
        1822         364
        1823         358
        1824         352
        1825         346
        1826         374
        1827         380
        1828         338
        1829         344
        1830         372
        1831         288
        1832         360
        1833         318
        1834         370
        1835         362
        1836         374
        1837         336
        1838         334
        1839         316
        1840         368
        1841         336
        1842         366
        1843         368
        1844         374
        1845         362
        1846         378
        1847         338
        1848         348
        1849         344
        1850         332
        1851         342
        1852         358
        1853         166
        1854         358
        1855         340
        1856         366
        1857         376
        1858         380
        1859         286
        1860         358
        1861         296
        1862         346
        1863         352
        1864         366
        1865         354
        1866         380
        1867         354
        1868         370
        1869         350
        1870         262
        1871         338
        1872         356
        1873         340
        1874         358
        1875         340
        1876         360
        1877         368
        1878         362
        1879         382
        1880         358
        1881         316
        1882         322
        1883         358
        1884         370
        1885         320
        1886         352
        1887         370
        1888         366
        1889         312
        1890         328
        1891         360
        1892         372
        1893         328
        1894         352
        1895         354
        1896         354
        1897         362
        1898         360
        1899         190
        1900        -330
        1901        -356
        1902        -374
        1903        -342
        1904        -378
        1905        -350
        1906        -344
        1907        -362
        1908        -362
        1909        -294
        1910        -368
        1911        -370
        1912        -334
        1913        -380
        1914        -362
        1915        -332
        1916        -350
        1917        -364
        1918        -336
        1919        -362
        1920        -328
        1921        -330
        1922        -336
        1923        -336
        1924        -356
        1925        -356
        1926        -376
        1927        -334
        1928        -350
        1929        -360
        1930        -334
        1931        -356
        1932        -374
        1933        -372
        1934        -352
        1935        -352
        1936        -352
        1937        -320
        1938        -338
        1939        -368
        1940        -378
        1941        -298
        1942        -366
        1943        -380
        1944        -372
        1945        -388
        1946        -368
        1947        -344
        1948        -346
        1949        -346
        1950        -372
        1951        -386
        1952        -372
        1953        -384
        1954        -366
        1955        -372
        1956        -352
        1957        -338
        1958        -322
        1959        -322
        1960        -352
        1961        -346
        1962        -360
        1963        -358
        1964        -340
        1965        -350
        1966        -338
        1967        -312
        1968        -322
        1969        -352
        1970        -318
        1971        -358
        1972        -350
        1973        -360
        1974        -352
        1975        -350
        1976        -380
        1977        -312
        1978        -336
        1979        -360
        1980        -332
        1981        -334
        1982        -300
        1983        -318
        1984        -306
        1985        -384
        1986        -208
        1987        -280
        1988        -310
        1989        -356
        1990        -362
        1991        -370
        1992        -376
        1993        -346
        1994        -364
        1995        -306
        1996        -344
        1997        -376
        1998        -370
        1999        -356
        2000        -332
 # Average magnetization per spin:   0.58012999974191193     
